TARGET DB: C:\Users\heida\Saved Games\DCS.C130J\user_data.db
[-] FOUND 4 TABLES.

=== TABLE: custom_data ===
ID    NAME                      TYPE       PK?
----------------------------------------------
0     name                      TEXT(10)   YES
1     entry_pos                 TEXT(20)   
2     lat                       DOUBLE(8)  
3     lon                       DOUBLE(8)  
4     alt                       DOUBLE(8)  

    [SAMPLE DATA]
    ('BJOLI', '33WVQ7550478240', 67.41933075443679, 14.428327917922212, -0.030480000454187396)
    ('WP3', '33WWQ3997097544', 67.59077959850974, 15.939571434365508, -0.030480000454187396)
    ('WP4', '33WWR5578088671', 68.40533127128728, 16.35818078630744, -0.030480000454187396)

==================================================

=== TABLE: routes ===
ID    NAME                      TYPE       PK?
----------------------------------------------
0     name                      TEXT(10)   YES
1     wpt_trans                 INTEGER    
2     main_pts                  TEXT       
3     alt_pts                   TEXT       
4     origin                    TEXT       
5     dest                      TEXT       
6     alt                       TEXT       
7     rwy_dep                   TEXT       
8     rwy_arr                   TEXT       
9     rwy_dep_return            TEXT       
10    rwy_alt                   TEXT       
11    rwy_dep_sid               TEXT       
12    rwy_arr_star              TEXT       
13    rwy_alt_star              TEXT       
14    rwy_dep_return_star       TEXT       
15    rwy_dep_trans             TEXT       
16    rwy_arr_trans             TEXT       

    [SAMPLE DATA]
    ('TESTRTE', 0, '(ENBO|2| 67.26697| 14.33548|  0|0|-999|0||3|1|       |      |      |      |-99|-99|0|0|000000|      |  0.0|    0|-99999|0|0|0|0|    0|    0|    0|    0|    0|0|0|    0| -999|    0| -999|    0),(BJOLI|0| 67.41933| 14.42833|  0|0|-999|0||3|0|       |      |      |      |-99|-99|0|0|000000|      |  0.0|    0|-99999|0|0|0|0|    0|    0|    0|    0|    0|1|0|    0| -999|    0| -999|    0),(WP2|0| 67.51413| 15.43770|  0|0|-999|0||3|0|       |      |      |      |-99|-99|0|0|000000|      |  0.0|    0|-99999|0|0|0|0|    0|    0|    0|    0|    0|1|0|    0| -999|    0| -999|    0),(WP3|0| 67.59078| 15.93957|  0|0|-999|0||3|0|       |      |      |      |-99|-99|0|0|000000|      |  0.0|    0|-99999|0|0|0|0|    0|    0|    0|    0|    0|1|0|    0| -999|    0| -999|    0),(WP4|0| 68.40533| 16.35818|  0|0|-999|0||3|0|       |      |      |      |-99|-99|0|0|000000|      |  0.0|    0|-99999|0|0|0|0|    0|    0|    0|    0|    0|1|0|    0| -999|    0| -999|    0),(WP5|0| 68.44194| 16.69334|  0|0|-999|0||3|0|       |      |      |      |-99|-99|0|0|000000|      |  0.0|    0|-99999|0|0|0|0|    0|    0|    0|    0|    0|1|0|    0| -999|    0| -999|    0),(CARPIN|0| 69.29866| 16.70240|  0|0|-999|0||3|0|       |      |      |      |-99|-99|0|0|000000|      |  0.0|    0|-99999|0|0|0|0|    0|    0|    0|    0|    0|1|0|    0| -999|    0| -999|    0),(DROP|0| 69.31394| 16.11434|  0|0|-999|0||3|0|       |      |      |      |-99|-99|0|0|000000|      |  0.0|    0|-99999|0|0|0|0|    0|    0|    0|    0|    0|1|0|    0| -999|    0| -999|    0),(WP8|0| 68.89798| 16.69714|  0|0|-999|0||3|0|       |      |      |      |-99|-99|0|0|000000|      |  0.0|    0|-99999|0|0|0|0|    0|    0|    0|    0|    0|1|0|    0| -999|    0| -999|    0),(WP5|0| 68.44194| 16.69334|  0|0|-999|0||3|0|       |      |      |      |-99|-99|0|0|000000|      |  0.0|    0|-99999|0|0|0|0|    0|    0|    0|    0|    0|1|0|    0| -999|    0| -999|    0),(WP3|0| 67.59078| 15.93957|  0|0|-999|0||3|0|       |      |      |      |-99|-99|0|0|000000|      |  0.0|    0|-99999|0|0|0|0|    0|    0|    0|    0|    0|1|0|    0| -999|    0| -999|    0),(XX|1|  0.00000|  0.00000|  0|0|-999|0||3|0|       |      |      |      |-99|-99|0|0|000000|      |  0.0|    0|-99999|0|0|0|0|    0|    0|    0|    0|    0|0|0|    0| -999|    0| -999|    0)', '', 'ENBO', 'XX', 'XX', '', '', '', '', '', '', '', '', '', '')

==================================================

=== TABLE: payload_presets ===
ID    NAME                      TYPE       PK?
----------------------------------------------
0     preset_name               TEXT(50)   YES
1     ws_name                   TEXT(50)   
2     ws_id_holder              INTEGER    
3     total                     INTEGER    

    [NO DATA]

==================================================

=== TABLE: user_settings ===
ID    NAME                      TYPE       PK?
----------------------------------------------
0     name                      TEXT(10)   YES
1     auto_reverse              INTEGER    
2     rescale_after_gnd_range   INTEGER    
3     raytracing                INTEGER    
4     detent_position           DOUBLE(8)  
5     reflection_strength       DOUBLE(8)  

    [SAMPLE DATA]
    ('pilot', 0, 1, 0, 0.38999998569488525, 1.0)

==================================================

[-] PROBE COMPLETE.
